16	2026-04-29	Quora	Software Engineer - Full Stack, Poe (Remote)	Evaluated	4.0/5	✅	[16](reports/016-quora-fullstack-poe-2026-04-29.md)	AI product (Poe). Full remote. $155k-$225k. Apply with AI tooling story.
